[[[[-6.27504778e-05  5.14285057e-05  7.69306789e-05 ...  8.38220585e-05
     8.93223332e-05 -3.90998321e-06]
   [ 4.89544473e-05  1.87958940e-05  2.96841608e-06 ...  2.15658802e-05
     3.88298649e-05  7.70975021e-05]
   [ 8.81177839e-05  2.16634362e-05  3.73486546e-05 ...  7.41122640e-05
     5.36541920e-05  7.50749023e-05]
   ...
   [ 2.34261563e-04  1.62339595e-04  1.10732217e-04 ...  3.90568748e-05
     6.32972224e-05  1.32288551e-04]
   [ 2.84199778e-04  2.41081492e-04  1.59463321e-04 ...  7.40302494e-05
     1.32944610e-04  1.22983998e-04]
   [ 1.95052940e-04  1.74686080e-04  1.56038266e-04 ...  1.37222814e-04
     8.10145284e-05  9.24146734e-05]]

  [[ 4.32327943e-05  1.93439919e-05  1.07486703e-05 ...  1.81774521e-05
     2.05539254e-05  8.13676452e-05]
   [-5.16467844e-06 -1.49959524e-05 -1.42279605e-05 ... -5.22095070e-06
     1.81513315e-06  2.49620207e-05]
   [ 3.40546831e-06 -1.28097745e-05 -3.69778718e-07 ...  1.12234411e-05
     3.33470234e-06  9.78208845e-06]
   ...
   [ 1.65057150e-04  1.26871950e-04  1.15249830e-04 ...  8.06119351e-06
     1.20475015e-05  2.89566378e-05]
   [ 1.84729899e-04  1.69826075e-04  1.40316988e-04 ...  1.14252180e-05
     2.62738904e-05  6.83452818e-05]
   [ 3.15880781e-04  2.37802131e-04  1.84303251e-04 ...  1.64855737e-05
     2.92436162e-05  1.75995941e-04]]

  [[ 1.66879094e-04 -6.12277654e-06 -2.35565822e-05 ... -9.96136805e-06
     2.46836571e-05  1.16260460e-04]
   [ 6.71640446e-05 -3.49507318e-05 -3.31188203e-05 ...  8.17488763e-06
     2.06442201e-05  4.43885510e-05]
   [ 6.58484641e-05 -3.13089113e-05 -1.84451346e-05 ...  2.54914048e-05
     3.57641256e-05  3.55429656e-05]
   ...
   [ 3.21080937e-04  2.13727559e-04  1.77058624e-04 ...  2.61952227e-05
     4.84987977e-05  9.14249104e-05]
   [ 4.13938717e-04  3.23384098e-04  2.84143927e-04 ...  5.52962592e-05
     8.88813520e-05  1.87378697e-04]
   [ 4.75810957e-04  3.57045268e-04  2.63030815e-04 ...  8.61129665e-05
     1.18549884e-04  2.74856749e-04]]

  ...

  [[ 5.45594608e-04  7.51775282e-04  5.49287011e-04 ...  3.24105902e-04
     9.09091439e-04  7.38444738e-04]
   [ 3.50214978e-04  6.09133742e-04  4.69750754e-04 ...  4.37242968e-04
     1.14633411e-03  1.01579039e-03]
   [ 2.86695373e-04  2.79891945e-04  3.38461105e-05 ... -8.76211387e-04
     9.32827883e-04  8.21032387e-04]
   ...
   [-1.90121180e-04 -1.45625789e-04  8.57858104e-04 ... -1.38797215e-04
     5.44949493e-04  2.97595951e-04]
   [-4.10674419e-03 -4.77660447e-03 -1.08286750e-03 ... -2.58513464e-04
     4.04940802e-04  9.78249707e-04]
   [ 8.24673451e-04  6.97268080e-03  1.47079828e-03 ...  1.20143668e-04
     2.70319288e-04  4.49208805e-04]]

  [[-6.25419896e-04  4.19050513e-04  1.84928329e-04 ...  3.02371976e-04
     2.21316339e-04 -2.88546202e-04]
   [ 3.91409703e-05 -2.67308904e-04 -3.98940756e-04 ... -2.58492364e-04
    -2.04860757e-04 -3.78283847e-04]
   [ 9.87080857e-05  4.18576528e-05  7.38627568e-05 ... -1.20606751e-03
     1.06362160e-04  2.37462518e-06]
   ...
   [ 4.21603501e-04  4.28423984e-03  4.73224372e-03 ...  3.96768912e-04
     4.22900339e-04  2.69762124e-04]
   [ 1.02920888e-03  5.65432757e-03  5.06896479e-03 ...  4.13431204e-04
     4.45883023e-04  6.49878755e-04]
   [ 7.83500541e-03  9.55869909e-03  9.87267494e-03 ...  4.94549808e-04
     5.30373189e-04  3.70615046e-04]]

  [[ 1.28719176e-03  6.00258587e-04  2.18253525e-04 ...  1.95453642e-04
     2.73694459e-04  9.62083810e-04]
   [ 3.27116722e-05  7.92584688e-05 -1.32032437e-04 ...  2.37931250e-04
     1.61026837e-05  1.81465890e-04]
   [-2.36581182e-04 -1.70314102e-04 -3.03532579e-04 ...  9.81986988e-04
     1.82629956e-05  5.70957200e-05]
   ...
   [ 3.88908153e-03  3.06902872e-03  1.83935312e-03 ...  1.06963758e-04
     6.68470602e-05  1.20999255e-04]
   [ 4.38771304e-03  4.01535723e-03  3.56034236e-03 ...  3.80752230e-04
     3.41813604e-04  6.35815843e-04]
   [ 1.51663751e-03  3.48883169e-03  2.10748659e-03 ...  6.11075084e-05
     5.62422647e-05  6.89439592e-04]]]]