[None, (173, 81), (183, 85), (188, 101), None, (167, 80), (157, 96), None, (167, 117), (177, 117), (178, 143), (183, 174), (162, 112), (152, 143), (147, 174), None, None, (183, 70), (173, 70), (136, 175), (137, 179), (151, 179), (188, 174), (188, 174), (183, 179)]
[None, (173, 80), (183, 85), (188, 101), None, (162, 80), (162, 65), (162, 44), (167, 117), (177, 117), (178, 143), (183, 174), (157, 117), (152, 143), (147, 174), None, None, (182, 70), (172, 70), (136, 175), (141, 179), (147, 179), (188, 174), (188, 175), (183, 179)]
[None, (173, 81), (183, 85), None, None, (162, 81), (162, 64), (162, 44), (167, 117), (177, 117), (178, 148), (183, 175), (162, 117), (151, 143), (147, 174), None, None, (178, 70), (168, 70), (151, 174), (146, 174), (151, 175), (183, 174), (188, 179), (183, 179)]
[None, (172, 85), (183, 85), (183, 75), (178, 70), (162, 81), (162, 65), (162, 49), (167, 117), (177, 117), (178, 148), (182, 175), (162, 117), (147, 143), (147, 174), None, None, (178, 75), (168, 70), (137, 180), (141, 180), (147, 179), (188, 174), (188, 179), (182, 179)]
[None, (172, 85), (183, 85), (183, 80), (178, 75), (162, 85), (162, 75), None, (167, 117), (177, 117), (178, 148), (183, 175), (162, 117), (147, 143), (147, 175), None, None, (177, 75), (167, 75), (137, 180), (141, 180), (147, 180), (183, 175), (188, 179), (183, 180)]
[None, (172, 85), (183, 85), (182, 70), (172, 59), (162, 85), (157, 75), (162, 55), (172, 117), (178, 122), (183, 148), (183, 175), (162, 117), (147, 148), (147, 179), None, None, (177, 75), (167, 75), (136, 180), (136, 180), (147, 184), (183, 175), (188, 179), (183, 180)]
[None, (172, 86), (183, 86), None, None, (162, 86), (157, 101), None, (172, 122), (178, 122), (182, 153), (183, 184), (162, 117), (151, 148), (147, 180), None, None, (177, 75), (167, 75), None, (141, 185), (147, 185), (183, 184), (188, 185), (183, 185)]
[None, (172, 86), (183, 86), (188, 106), (193, 127), (162, 85), (157, 101), None, (172, 122), (178, 122), (183, 153), (183, 185), (162, 122), (152, 148), (147, 180), None, None, (177, 75), (167, 70), (136, 185), (136, 185), (147, 185), (183, 185), (188, 190), (183, 185)]
[None, (177, 90), (188, 90), (193, 107), (193, 127), (162, 90), (157, 107), None, (172, 122), (183, 122), (188, 143), (198, 169), (162, 122), (147, 153), (147, 185), None, None, (183, 75), (168, 75), (137, 185), (141, 185), (147, 189), (204, 169), (203, 169), (198, 174)]
[(178, 80), (177, 122), (162, 122), (151, 149), (147, 180), (193, 127), (193, 148), None, (173, 143), (157, 180), None, None, None, (193, 127), (193, 149), None, None, None, (183, 75), None, None, None, None, None, None]
[None, (178, 86), (188, 86), (193, 106), None, (167, 86), (162, 75), (167, 54), (182, 122), (188, 122), (188, 143), (198, 169), (173, 122), (157, 143), (147, 179), None, None, None, (173, 75), None, None, (147, 180), None, None, (199, 169)]
[None, (178, 86), (187, 86), (183, 75), (177, 70), (172, 86), (162, 75), (167, 59), (188, 122), (193, 122), (183, 143), (198, 164), (178, 122), (152, 143), (152, 174), None, None, None, (172, 76), (141, 174), (142, 175), (157, 179), (193, 169), (198, 169), (199, 169)]
[None, (183, 86), (188, 86), None, None, (177, 85), (162, 75), (162, 60), (193, 117), (198, 117), (193, 143), (198, 169), (183, 117), (152, 133), (152, 163), None, None, None, (173, 75), (142, 164), (146, 164), (157, 164), (193, 174), (194, 174), (199, 174)]
[None, (183, 85), (188, 85), None, None, (177, 85), (162, 75), (162, 55), (188, 117), (198, 117), (183, 138), (198, 169), (183, 117), (152, 128), (152, 159), None, None, None, (173, 75), (142, 159), (146, 163), (157, 164), None, None, (198, 169)]
[None, (183, 85), (188, 81), None, None, (173, 85), (162, 75), (162, 59), (188, 117), (193, 117), (152, 132), (152, 159), (183, 117), (152, 132), (152, 159), None, None, None, (177, 75), (142, 163), (146, 164), (152, 164), None, None, (152, 164)]
[None, (183, 86), (188, 86), None, None, (173, 86), (162, 75), (162, 60), (188, 122), (193, 122), (173, 148), None, (182, 122), (151, 133), (151, 164), None, None, None, (173, 80), (142, 164), (146, 164), (152, 164), None, None, (177, 148)]
[None, (182, 86), (188, 86), None, None, (172, 86), (162, 75), (162, 64), (183, 122), (193, 122), (177, 143), (178, 143), (178, 122), (147, 133), (151, 163), None, None, None, (173, 75), (141, 164), (142, 164), (152, 164), None, None, (178, 143)]
[None, (178, 90), (188, 91), None, None, (172, 86), (162, 75), (162, 60), (183, 127), (188, 127), (167, 148), None, (178, 123), (147, 133), (147, 164), None, None, None, (172, 80), (141, 164), (142, 164), (152, 164), None, None, None]
[None, (178, 90), (183, 86), (162, 80), (162, 65), (173, 91), (162, 80), (162, 65), (183, 122), (188, 122), None, None, (182, 122), (146, 133), (147, 164), None, None, None, (172, 80), (141, 164), (142, 164), (152, 164), None, None, None]
[None, (178, 91), (173, 90), (162, 80), (162, 65), (182, 90), (172, 86), (162, 75), (182, 122), (178, 122), (146, 133), (147, 164), (182, 122), (146, 133), (147, 164), None, None, None, (173, 80), (141, 164), (142, 169), (152, 169), None, None, (199, 179)]
[None, (182, 86), (183, 86), None, None, (177, 86), (167, 86), (157, 70), (183, 122), (188, 122), (183, 148), (198, 174), (178, 122), (146, 137), (147, 164), None, None, None, None, (137, 164), (141, 169), (152, 169), None, None, (198, 175)]
[None, (182, 91), (188, 91), None, None, (173, 86), (162, 80), (162, 65), (183, 122), (188, 123), (183, 143), (178, 143), (178, 122), (142, 133), (147, 164), None, None, None, None, (137, 164), (141, 169), (152, 164), None, (177, 143), (178, 143)]
[None, (178, 86), (183, 86), (162, 75), (162, 65), (178, 85), (162, 75), (157, 65), (183, 122), (188, 122), (187, 149), (193, 174), (178, 122), (146, 133), (146, 159), None, None, None, None, (136, 163), (137, 164), (147, 164), (198, 179), None, (198, 179)]
[None, (182, 86), (182, 86), (167, 76), (157, 70), (182, 86), (167, 76), (157, 70), (182, 122), (183, 122), (183, 153), (193, 179), (178, 122), (146, 133), (142, 159), None, None, None, (178, 75), (136, 163), (136, 164), (146, 164), None, None, (198, 179)]
[None, (183, 86), (183, 86), None, None, (182, 86), (183, 107), (172, 112), (177, 117), (177, 117), (146, 132), None, (173, 117), (142, 132), (142, 159), None, None, (188, 75), (178, 70), (136, 164), (136, 164), (147, 164), None, None, None]
[None, (183, 80), (188, 85), (146, 127), (141, 154), (178, 75), (162, 70), (152, 65), (182, 112), (183, 112), (183, 138), None, (177, 112), (178, 138), None, None, None, (188, 75), (183, 70), None, None, None, None, None, None]
[None, (183, 80), (188, 81), (167, 80), (157, 70), (177, 75), (162, 70), (152, 65), (178, 112), (183, 116), (172, 133), (167, 149), (173, 112), (146, 122), (137, 153), None, None, (193, 70), (183, 65), (131, 148), (131, 153), (141, 158), None, None, (168, 149)]
[None, (183, 80), (193, 85), None, None, (178, 75), (162, 70), (152, 70), (178, 112), (183, 112), (183, 138), (193, 179), (172, 112), (142, 127), (136, 164), None, None, (193, 70), (183, 65), (131, 164), (131, 164), (137, 169), None, None, (198, 179)]
[None, (183, 75), (188, 80), None, None, (178, 70), (162, 70), (157, 70), (178, 107), (183, 111), (172, 128), None, (172, 106), (146, 122), (137, 154), None, None, (193, 70), (183, 65), (131, 153), (131, 153), (141, 159), None, None, None]
[None, (183, 75), (188, 80), (177, 91), None, (177, 70), (162, 70), (162, 65), (177, 106), (183, 107), (177, 138), (193, 180), (172, 106), (142, 122), (141, 153), None, None, (193, 70), (183, 64), (131, 153), (131, 153), (141, 158), None, None, (193, 180)]
[None, (178, 75), (183, 80), None, None, (173, 70), (162, 75), (162, 65), (177, 106), (182, 107), (178, 132), (177, 148), (168, 106), (146, 122), (141, 153), None, None, (193, 70), (183, 64), (131, 153), (131, 154), (141, 158), (183, 153), (177, 153), (177, 148)]
[None, (178, 75), (183, 75), (162, 75), None, (173, 70), (162, 75), None, (173, 102), (182, 106), (178, 138), (178, 148), (167, 101), (147, 122), (141, 148), None, None, (188, 70), (183, 64), (132, 153), (131, 154), (141, 154), None, None, (178, 148)]
[(188, 70), (182, 70), (177, 70), (162, 75), (167, 96), (183, 75), (163, 75), None, (177, 101), (177, 101), (147, 122), (141, 148), (178, 101), (147, 122), (141, 148), (188, 65), None, (188, 65), None, (136, 148), (137, 153), (142, 148), (136, 153), (136, 149), (142, 148)]
[None, (182, 70), (188, 75), None, None, (173, 70), (167, 75), (162, 70), (177, 96), (183, 96), (182, 122), (178, 143), (172, 96), (177, 122), (177, 143), None, None, (188, 65), (182, 60), None, None, (172, 148), (183, 148), (183, 148), (177, 143)]
[None, (182, 70), (188, 75), None, None, (173, 70), (167, 75), (162, 70), (177, 96), (183, 101), (182, 122), (177, 148), (172, 96), (152, 117), (147, 143), None, None, (188, 65), (182, 60), (147, 148), (147, 148), (147, 148), (183, 148), (182, 149), (177, 148)]
[None, (182, 75), (183, 75), (187, 90), None, (177, 70), (167, 76), None, (178, 101), (182, 101), (178, 127), (177, 148), (177, 101), (177, 127), (172, 148), None, None, (188, 65), (178, 60), None, None, (168, 153), (183, 153), (182, 153), (172, 153)]
