[None, (178, 101), (198, 101), (199, 128), None, (157, 101), (151, 128), (152, 148), (183, 153), (193, 153), (183, 190), (188, 226), (168, 153), (167, 190), (167, 232), None, None, (183, 80), (167, 81), None, (167, 237), (167, 237), (183, 237), (188, 238), (188, 231)]
[(162, 91), (173, 107), (157, 106), (147, 127), None, (188, 107), (198, 137), (183, 132), (173, 164), (162, 169), (162, 216), None, (183, 169), (178, 216), None, None, (167, 86), (178, 86), (162, 86), None, None, None, None, None, None]
[None, (167, 106), (183, 106), (193, 127), None, (152, 106), (142, 128), None, (172, 153), (183, 153), (178, 190), (173, 226), (157, 154), (156, 196), (152, 237), None, None, (168, 86), (152, 90), None, None, (152, 237), (172, 232), (177, 232), (172, 227)]
[None, (162, 76), (178, 75), (187, 101), None, (142, 80), (136, 111), None, (168, 132), (183, 132), (183, 169), (182, 190), (157, 133), (152, 174), (156, 216), None, None, (162, 55), (147, 59), None, None, (157, 221), None, None, None]
[(152, 34), (162, 54), (142, 54), (142, 80), (147, 65), (178, 49), (188, 75), (188, 101), (168, 106), (157, 106), (162, 148), (162, 190), (182, 106), (183, 143), (182, 185), (151, 33), (157, 29), (147, 34), (162, 33), None, None, None, (162, 200), (162, 200), (167, 195)]
[None, (167, 44), (183, 44), (193, 70), None, (152, 49), (146, 75), None, (177, 102), (188, 101), (183, 143), (188, 189), (167, 106), (167, 148), (167, 195), None, None, (167, 28), (152, 28), (157, 200), (162, 200), (172, 200), None, None, (188, 190)]
[(152, 39), (172, 49), (151, 54), (147, 75), None, (177, 44), (151, 75), (157, 70), (178, 101), (168, 102), (167, 143), (167, 190), (178, 101), (167, 148), (167, 190), (152, 34), (157, 33), None, (162, 33), (162, 201), (167, 201), (167, 196), None, None, None]
[None, (172, 49), (162, 49), (147, 76), (147, 54), (177, 49), (152, 75), None, (183, 101), (173, 102), (168, 148), (172, 190), (182, 101), (167, 148), (167, 195), None, (157, 33), None, (162, 33), (162, 205), (167, 205), (167, 200), None, None, (172, 200)]
[(162, 39), (177, 54), (167, 54), None, None, (182, 54), (152, 80), None, (178, 111), (173, 107), (168, 153), (172, 195), (178, 111), (167, 153), (172, 195), None, (162, 34), None, (168, 34), (162, 205), (167, 206), (173, 200), None, None, (178, 195)]
[(178, 39), (183, 54), (167, 59), (157, 80), (168, 69), (198, 54), (209, 80), None, (187, 107), (177, 107), (172, 153), (173, 195), (198, 106), (173, 153), (177, 195), (177, 34), (183, 34), (172, 38), (188, 34), None, None, (177, 200), None, (168, 206), (177, 200)]
[(198, 44), (198, 55), (183, 54), (167, 59), (183, 49), (214, 59), (219, 85), None, (193, 111), (188, 111), (178, 153), (182, 200), (204, 111), (178, 153), (182, 200), (193, 39), (198, 39), (188, 39), (208, 39), (167, 205), (172, 206), (183, 206), (167, 201), (167, 201), (183, 205)]
[None, (208, 64), (224, 65), (229, 91), None, (193, 60), (177, 60), None, (203, 117), (214, 117), (183, 154), (178, 205), (193, 117), (182, 158), (178, 205), None, None, (214, 44), (198, 44), (183, 216), (188, 216), (178, 210), None, None, None]
[(126, 96), (224, 54), (111, 112), None, None, (240, 39), (250, 75), None, (214, 106), (208, 106), (198, 142), (198, 175), (213, 107), (198, 138), (198, 179), (121, 96), (131, 96), None, None, (193, 184), (193, 185), (198, 180), None, None, (198, 179)]
[(126, 96), (126, 127), (105, 117), None, None, None, None, None, None, None, (204, 106), (209, 143), (214, 75), (204, 106), (213, 138), (121, 91), (136, 96), (116, 96), (141, 96), None, None, (214, 143), None, None, (213, 143)]
[None, None, None, None, None, None, None, None, None, None, None, (105, 154), None, (115, 138), (106, 154), (208, 33), None, None, None, (105, 159), (106, 159), (106, 159), (100, 159), (100, 159), (105, 158)]
[None, None, None, None, None, None, None, None, None, None, None, None, None, None, None, None, None, None, None, None, None, None, None, None, None]
[(120, 107), None, None, None, None, None, None, None, None, None, None, (229, 128), None, (234, 86), (229, 128), None, (126, 106), None, None, None, None, (229, 132), None, None, (230, 132)]
