[None, (126, 70), (136, 70), (157, 60), (183, 49), (120, 75), None, None, (116, 117), (126, 112), (151, 122), (146, 154), (110, 117), (131, 153), (146, 190), None, None, (136, 60), None, (152, 195), (152, 195), (147, 195), (157, 158), (156, 159), (142, 159)]
[None, (126, 75), (136, 70), (157, 64), (183, 49), (116, 75), None, None, (116, 117), (126, 112), (147, 122), (146, 153), (110, 117), (131, 153), (142, 190), None, (0, 132), (136, 60), (8, 138), (147, 195), (152, 195), (142, 195), (157, 158), (152, 159), (142, 159)]
[None, (126, 75), (136, 70), (157, 65), (183, 49), (116, 80), None, None, (116, 117), (126, 117), (147, 127), (146, 158), (110, 122), (131, 158), (142, 195), None, None, (132, 65), (121, 65), (147, 200), (151, 200), (142, 195), (157, 164), (152, 164), (141, 163)]
[None, (126, 81), (136, 75), (162, 70), (183, 54), (116, 86), None, None, (116, 123), (126, 122), (151, 128), (147, 164), (110, 127), (136, 138), (137, 164), (8, 154), None, (136, 70), (121, 70), (151, 205), (152, 201), (136, 169), (157, 164), (156, 169), (142, 169)]
[None, (131, 81), (141, 75), (162, 70), (188, 54), (121, 86), None, None, (121, 117), (131, 117), (152, 127), (147, 159), (115, 122), (141, 138), (141, 159), None, None, (136, 70), None, (152, 200), (152, 200), (141, 163), (157, 164), (156, 164), (146, 164)]
[None, (132, 85), (142, 80), (162, 70), (188, 54), (126, 86), None, None, (126, 122), (131, 122), (157, 132), (152, 159), (116, 122), (141, 159), (147, 195), None, None, (137, 70), (126, 75), (157, 205), (157, 201), (152, 200), (162, 169), (157, 169), (152, 164)]
[None, (136, 85), (146, 80), (167, 70), (193, 55), (131, 90), None, (152, 106), (126, 127), (132, 122), (162, 132), (157, 164), (121, 128), (147, 158), (147, 164), None, None, (142, 70), (131, 75), (162, 201), (162, 200), (146, 164), (167, 169), (162, 174), (152, 169)]
[(152, 65), (146, 80), (152, 75), (177, 70), (198, 59), (136, 85), None, None, (131, 122), (141, 117), (167, 132), (162, 164), (126, 127), (157, 133), (152, 169), (147, 65), None, (146, 65), None, (162, 200), (162, 200), (151, 190), (172, 174), (167, 174), (157, 169)]
[None, (147, 81), (157, 75), (177, 70), (198, 60), (136, 86), None, None, (136, 122), (141, 122), (167, 132), (162, 164), (126, 127), (162, 132), (152, 164), None, None, (152, 70), None, None, None, (147, 169), (172, 169), (167, 174), (157, 169)]
[None, (146, 85), (157, 80), (173, 75), (198, 65), (136, 86), (173, 75), (141, 70), (136, 122), (142, 122), (167, 133), (162, 169), (126, 122), (167, 133), (162, 169), None, None, None, None, (172, 174), (168, 174), (157, 169), (168, 174), (167, 175), (157, 170)]
[None, (147, 80), (157, 75), (178, 75), (198, 65), (137, 85), None, None, (136, 117), (142, 117), (162, 137), (157, 174), (126, 117), (152, 138), (147, 174), None, None, (157, 70), None, None, None, (146, 179), (167, 180), (163, 180), (157, 179)]
[None, (147, 80), (157, 75), (178, 75), (198, 70), (136, 85), None, None, (137, 117), (146, 117), (162, 138), (157, 174), (131, 117), (151, 138), (146, 174), None, None, (157, 70), None, None, None, (142, 180), (168, 180), (167, 184), (152, 180)]
[None, (147, 80), (157, 75), (178, 80), (198, 70), (141, 80), None, None, (141, 117), (147, 112), (152, 143), (147, 175), (131, 117), (162, 138), (147, 175), None, None, (157, 65), None, (162, 185), (167, 180), (142, 180), (163, 185), (162, 185), (142, 180)]
[None, (147, 80), (157, 75), (177, 80), (198, 70), (141, 80), None, None, (146, 117), (152, 117), (167, 148), (162, 179), (136, 117), (151, 148), (147, 180), None, None, (157, 65), (146, 65), (157, 185), None, (147, 185), (167, 185), (167, 189), (157, 185)]
[None, (147, 80), (157, 75), (177, 81), (198, 75), (141, 81), (131, 106), None, (147, 122), (157, 117), (167, 148), (162, 184), (137, 122), (152, 149), (151, 185), None, None, (157, 65), (146, 65), None, None, (147, 190), (168, 190), (167, 190), (157, 185)]
[None, (147, 80), (157, 75), (177, 85), (198, 80), (137, 81), (131, 106), None, (147, 117), (157, 117), (167, 153), (162, 185), (137, 122), (152, 153), (147, 185), None, None, (157, 65), (146, 69), None, None, (147, 190), (168, 190), (167, 195), (157, 190)]
[None, (151, 85), (162, 81), (177, 91), (198, 85), (137, 86), (131, 107), None, (151, 123), (157, 122), (167, 158), (162, 190), (141, 127), (146, 158), (146, 190), None, None, (157, 70), (146, 70), (147, 190), (141, 190), (146, 195), (167, 200), (167, 200), (157, 195)]
[None, (151, 86), (162, 85), (177, 96), (198, 86), (141, 91), (131, 111), None, (152, 127), (157, 127), (162, 159), (157, 195), (141, 127), (142, 158), (136, 185), None, None, (157, 70), (146, 75), (137, 190), (131, 190), (136, 190), (167, 201), (167, 201), (157, 200)]
[None, (152, 86), (162, 85), (177, 96), (198, 90), (141, 86), (131, 101), (141, 107), (151, 127), (157, 127), (162, 163), (157, 195), (141, 127), (141, 154), (126, 185), None, None, (157, 70), (146, 75), (132, 190), (126, 185), (126, 190), (167, 205), (167, 205), (157, 200)]
[None, (152, 86), (162, 86), (177, 101), (193, 91), (146, 86), None, None, (147, 128), (157, 132), (162, 164), (157, 200), (141, 128), (141, 159), (121, 189), None, None, (162, 75), (152, 75), (121, 200), (116, 195), (116, 190), (167, 205), (167, 206), (156, 205)]
[None, (152, 90), (162, 90), (177, 106), (198, 96), (146, 90), None, None, (147, 132), (157, 133), (157, 169), (152, 200), (141, 128), (141, 163), (121, 190), None, None, (162, 75), None, (121, 200), (120, 200), (116, 195), (167, 211), (162, 206), (147, 205)]
[(7, 164), (157, 91), (162, 90), (178, 106), (198, 96), (147, 91), None, None, (151, 132), (157, 132), (162, 169), (157, 201), (141, 132), (141, 164), (121, 190), None, None, (162, 75), (152, 75), (121, 205), (121, 205), (120, 195), (172, 216), (167, 216), (157, 206)]
[None, (152, 86), (162, 86), (177, 101), (193, 91), (142, 86), None, None, (147, 127), (157, 128), (162, 164), (157, 200), (141, 127), (146, 164), (126, 190), None, None, (157, 70), None, (131, 200), (126, 200), (121, 195), (168, 211), (167, 211), (156, 205)]
[None, (152, 85), (162, 81), (177, 101), (193, 91), (146, 86), None, None, (152, 127), (157, 127), (163, 163), (162, 196), (142, 127), (147, 159), (136, 190), None, None, (157, 70), (147, 70), (136, 195), (136, 195), (131, 195), (168, 205), (167, 205), (157, 201)]
